regiao;estado;DateRep;Cases;cum-Cases;Deaths;cum-Deaths
Norte;AC;2020-03-19;3;3;0;0
Norte;AC;2020-03-20;4;7;0;0
Norte;AC;2020-03-21;2;9;0;0
Norte;AC;2020-03-22;2;11;0;0
Norte;AC;2020-03-23;0;11;0;0
Norte;AC;2020-03-24;6;17;0;0
Norte;AC;2020-03-25;6;23;0;0
Norte;AC;2020-03-26;1;24;0;0
Norte;AC;2020-03-27;1;25;0;0
Norte;AC;2020-03-28;0;25;0;0
Norte;AC;2020-03-29;9;34;0;0
Norte;AC;2020-03-30;8;42;0;0
Norte;AC;2020-03-31;0;42;0;0
Norte;AC;2020-04-01;1;43;0;0
Norte;AC;2020-04-02;0;43;0;0
Norte;AC;2020-04-03;3;46;0;0
Norte;AC;2020-04-04;0;46;0;0
Norte;AC;2020-04-05;2;48;0;0
Norte;AC;2020-04-06;2;50;0;0
Norte;AC;2020-04-07;0;50;1;1
Norte;AC;2020-04-08;4;54;1;2
Norte;AC;2020-04-09;8;62;0;2
Norte;AC;2020-04-10;8;70;0;2
Norte;AC;2020-04-11;2;72;0;2
Norte;AC;2020-04-12;5;77;0;2
Norte;AC;2020-04-13;13;90;1;3
Norte;AC;2020-04-14;9;99;0;3
Norte;AC;2020-04-15;2;101;0;3
Norte;AC;2020-04-16;9;110;2;5
Norte;AC;2020-04-17;25;135;0;5
